 1                         1 
 2                         1 
 3                         2 
 4                         3 
 5                         5 
 6                         8 
 7                        13 
 8                        21 
 9                        34 
10                        55 
20                      6765 
30                    832040 
40                 102334155 
50               12586269025 
60             1548008755920 
70           190392490709135 
80         23416728348467685 
90       2880067194370816120 
